rawAccX;rawAccY;rawAccZ;rawMagX;rawMagY;rawMagZ;accX;accY;accZ;magX;magY;magZ;accNorm;magNorm
-8;8;996;66;-100;-341;-0.011768;0.011768;1.465114;9.900000;-15.000001;-51.150002;9.768054;361.437408
-8;-4;988;65;-96;-344;-0.011768;-0.005884;1.453346;9.750000;-14.400001;-51.600002;9.689368;363.011019
-8;60;1028;78;-86;-342;-0.011768;0.088260;1.512185;11.700000;-12.900001;-51.300002;10.098697;361.170320
-40;-52;1056;79;-83;-342;-0.058840;-0.076492;1.553373;11.850000;-12.450000;-51.300002;10.375788;360.685459
88;-68;872;90;-70;-342;0.129448;-0.100028;1.282710;13.500001;-10.500000;-51.300002;8.620665;360.505201
4;-36;940;93;-74;-344;0.005884;-0.052956;1.382738;13.950001;-11.100000;-51.600002;9.225093;363.951920
56;-32;1060;99;-59;-347;0.082376;-0.047072;1.559258;14.850001;-8.850000;-52.050002;10.414276;365.637799
20;-8;908;119;-37;-349;0.029420;-0.011768;1.335666;17.850001;-5.550000;-52.350002;8.906944;370.581975
-4;-28;956;138;-19;-350;-0.005884;-0.041188;1.406274;20.700001;-2.850000;-52.500002;9.379261;376.702801
-16;16;952;146;7;-352;-0.023536;0.023536;1.400390;21.900001;1.050000;-52.800002;9.338568;381.141706
12;-44;984;153;22;-356;0.017652;-0.064724;1.447462;22.950001;3.300000;-53.400002;9.660103;388.109521
-28;-56;812;160;35;-353;-0.041188;-0.082376;1.194450;24.000001;5.250000;-52.950002;7.986636;389.145217
0;-16;980;169;59;-354;0.000000;-0.023536;1.441578;25.350001;8.850000;-53.100002;9.611798;396.683753
36;-40;1004;173;65;-354;0.052956;-0.058840;1.476882;25.950001;9.750000;-53.100002;9.860011;399.336950
-4;-8;988;169;61;-355;-0.005884;-0.011768;1.453346;25.350001;9.150000;-53.250002;9.689368;397.878122
-8;0;1012;167;62;-354;-0.011768;0.000000;1.488650;25.050001;9.300000;-53.100002;9.924641;396.294083
48;0;896;171;65;-354;0.070608;0.000000;1.318014;25.650001;9.750000;-53.100002;8.799358;398.474591
4;-32;984;164;70;-354;0.005884;-0.047072;1.447462;24.600001;10.500000;-53.100002;9.654925;396.373561
-36;-44;992;171;72;-357;-0.052956;-0.064724;1.459230;25.650001;10.800000;-53.550002;9.744159;402.335681
8;-8;1012;175;106;-355;0.011768;-0.011768;1.488650;26.250001;15.900001;-53.250002;9.924951;409.738941
20;0;980;170;165;-352;0.029420;0.000000;1.441578;25.500001;24.750001;-52.800002;9.612519;424.298244
20;-20;1040;131;245;-347;0.029420;-0.029420;1.529838;19.650001;36.750001;-52.050002;10.202688;444.516591
-44;-16;996;91;306;-345;-0.064724;-0.023536;1.465114;13.650001;45.900002;-51.750002;9.778209;470.044679
-16;-16;1036;36;336;-342;-0.023536;-0.023536;1.523954;5.400000;50.400002;-51.300002;10.162113;480.786855
8;-36;988;-40;368;-334;0.011768;-0.052956;1.453346;-6.000000;55.200002;-50.100002;9.695718;498.577978
64;132;928;-119;374;-324;0.094144;0.194172;1.365086;-17.850001;56.100002;-48.600002;9.213576;508.933198
-44;12;1036;-176;360;-324;-0.064724;0.017652;1.523954;-26.400001;54.000002;-48.600002;10.169530;515.317378
-4;-4;1020;-226;336;-322;-0.005884;-0.005884;1.500418;-33.900001;50.400002;-48.300002;10.002938;517.354811
-116;-16;820;-268;291;-324;-0.170636;-0.023536;1.206218;-40.200002;43.650002;-48.600002;8.123033;511.352129
-32;12;988;-322;217;-319;-0.047072;0.017652;1.453346;-48.300002;32.550001;-47.850002;9.694765;502.527611
-184;-44;1044;-349;176;-315;-0.270664;-0.064724;1.535722;-52.350002;26.400001;-47.250002;10.404888;501.998008
-24;-56;960;-353;107;-316;-0.035304;-0.082376;1.412158;-52.950002;16.050001;-47.400002;9.433325;485.709790
-40;-48;1016;-339;57;-317;-0.058840;-0.070608;1.494534;-50.850002;8.550000;-47.550002;9.982381;467.609880
-132;-276;720;-301;-17;-319;-0.194172;-0.405995;1.059118;-45.150002;-2.550000;-47.850002;7.671785;438.920266
-48;-76;1016;-203;-93;-339;-0.070608;-0.111796;1.494534;-30.450001;-13.950001;-50.850002;10.002476;405.929797
0;-12;1044;-91;-128;-344;0.000000;-0.017652;1.535722;-13.650001;-19.200001;-51.600002;10.238819;378.154730
-16;-24;1012;-62;-136;-337;-0.023536;-0.035304;1.488650;-9.300000;-20.400001;-50.550002;9.928361;368.658378
-32;-4;988;21;-120;-343;-0.047072;-0.005884;1.453346;3.150000;-18.000001;-51.450002;9.694131;363.991758
-272;4;1352;63;-91;-350;-0.400111;0.005884;1.988789;9.450000;-13.650001;-52.500002;13.524307;367.083097
0;-12;992;110;-49;-353;0.000000;-0.017652;1.459230;16.500001;-7.350000;-52.950002;9.728909;372.974530
-40;-8;992;136;-6;-353;-0.058840;-0.011768;1.459230;20.400001;-0.900000;-52.950002;9.736419;378.339794
20;-32;988;160;56;-357;0.029420;-0.047072;1.453346;24.000001;8.400000;-53.550002;9.696035;395.202480
-4;-20;1016;163;156;-357;-0.005884;-0.029420;1.494534;24.450001;23.400001;-53.550002;9.965565;422.319784
-8;-12;980;140;238;-354;-0.011768;-0.017652;1.441578;21.000001;35.700001;-53.100002;9.611558;448.954341
28;-36;988;113;275;-349;0.041188;-0.052956;1.453346;16.950001;41.250002;-52.350002;9.699288;458.470283
-8;20;1008;66;326;-345;-0.011768;0.029420;1.482766;9.900000;48.900002;-51.750002;9.887360;479.225417
-8;-24;1000;70;324;-345;-0.011768;-0.035304;1.470998;10.500000;48.600002;-51.750002;9.809788;478.435994
40;-8;972;137;247;-352;0.058840;-0.011768;1.429810;20.550001;37.050001;-52.800002;9.540455;451.311422
-12;-24;1016;167;169;-352;-0.017652;-0.035304;1.494534;25.050001;25.350001;-52.800002;9.967031;424.681057
-4;20;1012;172;64;-354;-0.005884;0.029420;1.488650;25.800001;9.600000;-53.100002;9.926346;398.743025
-28;24;1084;119;-57;-353;-0.041188;0.035304;1.594562;17.850001;-8.550000;-52.950002;10.636560;376.854083
28;8;968;0;-125;-344;0.041188;0.011768;1.423926;0.000000;-18.750001;-51.600002;9.497132;366.006831
12;-4;972;-96;-135;-337;0.017652;-0.005884;1.429810;-14.400001;-20.250001;-50.550002;9.532872;375.512982
-20;-16;1040;-189;-112;-332;-0.029420;-0.023536;1.529838;-28.350001;-16.800001;-49.800002;10.202010;398.106770
-20;-8;1032;-308;3;-325;-0.029420;-0.011768;1.518070;-46.200002;0.450000;-48.750002;10.122668;447.770030
36;0;948;-330;154;-321;0.052956;0.000000;1.394506;-49.500002;23.100001;-48.150002;9.303406;485.445157
-72;136;1020;-330;188;-321;-0.105912;0.200056;1.500418;-49.500002;28.200001;-48.150002;10.115977;497.277588
76;8;996;-294;283;-314;0.111796;0.011768;1.465114;-44.100002;42.450002;-47.100002;9.796132;514.899019
28;-128;960;-215;341;-321;0.041188;-0.188288;1.412158;-32.250001;51.150002;-48.150002;9.501668;515.312527
16;40;992;-80;365;-330;0.023536;0.058840;1.459230;-12.000000;54.750002;-49.500002;9.737367;498.522818
-12;104;764;65;309;-346;-0.017652;0.152984;1.123842;9.750000;46.350002;-51.900002;7.562295;468.425021
-44;-8;992;139;215;-354;-0.064724;-0.011768;1.459230;20.850001;32.250001;-53.100002;9.738078;436.877557
0;24;976;178;140;-349;0.000000;0.035304;1.435694;26.700001;21.000001;-52.350002;9.574184;416.034854
-24;-72;1016;168;93;-348;-0.035304;-0.105912;1.494534;25.200001;13.950001;-52.200002;9.991317;397.463206
-12;-20;904;158;20;-347;-0.017652;-0.029420;1.329782;23.700001;3.000000;-52.050002;8.868163;381.802305
-36;-12;976;124;-50;-345;-0.052956;-0.017652;1.435694;18.600001;-7.500000;-51.750002;9.578523;370.001351
-32;-12;1024;35;-119;-343;-0.047072;-0.017652;1.506302;5.250000;-17.850001;-51.450002;10.047602;364.739633
0;-28;1012;-102;-142;-336;0.000000;-0.041188;1.488650;-15.300001;-21.300001;-50.400002;9.928129;378.766419
-16;-32;1016;-237;-94;-323;-0.023536;-0.047072;1.494534;-35.550001;-14.100001;-48.450002;9.969733;411.502126
-40;-72;976;-236;-86;-324;-0.058840;-0.105912;1.435694;-35.400001;-12.900001;-48.600002;9.605313;409.960974
-36;-16;960;-81;-138;-336;-0.052956;-0.023536;1.412158;-12.150000;-20.700001;-50.400002;9.422309;372.157225
-24;0;992;51;-110;-343;-0.035304;0.000000;1.459230;7.650000;-16.500001;-51.450002;9.731044;363.799395
-60;56;1032;132;-26;-347;-0.088260;0.082376;1.518070;19.800001;-3.900000;-52.050002;10.152418;372.167973
56;-36;900;160;33;-354;0.082376;-0.052956;1.323898;24.000001;4.950000;-53.100002;8.850099;389.878186
-12;-24;984;164;46;-352;-0.017652;-0.035304;1.447462;24.600001;6.900000;-52.800002;9.653331;391.044754
-20;28;972;152;28;-351;-0.029420;0.041188;1.429810;22.800001;4.200000;-52.650002;9.538035;383.521838
24;-12;952;148;-1;-350;0.035304;-0.017652;1.400390;22.200001;-0.150000;-52.500002;9.339638;380.006579
-36;-28;988;134;-34;-350;-0.052956;-0.041188;1.453346;20.100001;-5.100000;-52.500002;9.699288;376.313699
-20;-92;972;122;-43;-351;-0.029420;-0.135332;1.429810;18.300001;-6.450000;-52.650002;9.576675;374.077532
8;-16;916;112;-51;-346;0.011768;-0.023536;1.347434;16.800001;-7.650000;-51.900002;8.984605;367.234258
-32;-44;992;142;-19;-348;-0.047072;-0.064724;1.459230;21.300001;-2.850000;-52.200002;9.742817;376.336286
-20;-24;980;145;-8;-350;-0.029420;-0.035304;1.441578;21.750001;-1.200000;-52.500002;9.615400;378.931392
-12;-24;984;149;-2;-351;-0.017652;-0.035304;1.447462;22.350001;-0.300000;-52.650002;9.653331;381.321387
-8;-24;988;147;10;-349;-0.011768;-0.035304;1.453346;22.050001;1.500000;-52.350002;9.692146;378.827137
-12;-24;988;150;3;-352;-0.017652;-0.035304;1.453346;22.500001;0.450000;-52.800002;9.692543;382.639517
-8;-20;992;150;4;-349;-0.011768;-0.029420;1.459230;22.500001;0.600000;-52.350002;9.730490;379.890774
0;-36;1004;149;9;-350;0.000000;-0.052956;1.476882;22.350001;1.350000;-52.500002;9.852205;380.502300
-8;-16;988;152;8;-350;-0.011768;-0.023536;1.453346;22.800001;1.200000;-52.500002;9.690559;381.664774
-4;-16;988;155;-4;-353;-0.005884;-0.023536;1.453346;23.250001;-0.600000;-52.950002;9.690320;385.551553
-16;-24;992;155;10;-347;-0.023536;-0.035304;1.459230;23.250001;1.500000;-52.050002;9.732309;380.176275
rawAccX;rawAccY;rawAccZ;rawMagX;rawMagY;rawMagZ;accX;accY;accZ;magX;magY;magZ;accNorm;magNorm
0;-16;988;156;12;-350;0.000000;-0.023536;1.453346;23.400001;1.800000;-52.500002;9.690241;383.379707
-80;-24;1056;146;-1;-347;-0.117680;-0.035304;1.553373;21.900001;-0.150000;-52.050002;10.388164;376.465138
-40;4;1016;141;-25;-348;-0.058840;0.005884;1.494534;21.150001;-3.750000;-52.200002;9.971353;376.311042
0;-28;964;123;-44;-344;0.000000;-0.041188;1.418042;18.450001;-6.600000;-51.600002;9.457598;367.968749
32;0;912;104;-66;-343;0.047072;0.000000;1.341550;15.600001;-9.900000;-51.450002;8.949169;364.446155
-72;-40;928;80;-90;-343;-0.105912;-0.058840;1.365086;12.000000;-13.500001;-51.450002;9.136346;363.523039
-56;-16;984;53;-109;-345;-0.082376;-0.023536;1.447462;7.950000;-16.350001;-51.750002;9.666632;365.670617
0;-4;984;25;-126;-341;0.000000;-0.005884;1.447462;3.750000;-18.900001;-51.150002;9.649824;364.392645
-72;4;1044;-8;-123;-336;-0.105912;0.005884;1.535722;-1.200000;-18.450001;-50.400002;10.262537;357.895236
12;20;1008;-63;-132;-334;0.017652;0.029420;1.482766;-9.450000;-19.800001;-50.100002;9.887749;364.621722
0;-28;980;-108;-131;-336;0.000000;-0.041188;1.441578;-16.200001;-19.650001;-50.400002;9.614439;376.458497
-16;16;1056;-114;-136;-332;-0.023536;0.023536;1.553373;-17.100001;-20.400001;-49.800002;10.358200;376.451856
-16;36;976;-160;-128;-326;-0.023536;0.052956;1.435694;-24.000001;-19.200001;-48.900002;9.579085;385.045452
-36;12;1004;-184;-119;-325;-0.052956;0.017652;1.476882;-27.600001;-17.850001;-48.750002;9.852908;391.971938
-44;-16;976;-213;-96;-331;-0.064724;-0.023536;1.435694;-31.950001;-14.400001;-49.650002;9.582297;405.149355
-40;-12;992;-226;-88;-329;-0.058840;-0.017652;1.459230;-33.900001;-13.200001;-49.350002;9.736814;408.730963
-48;-16;956;-244;-69;-326;-0.070608;-0.023536;1.406274;-36.600001;-10.350000;-48.900002;9.388279;413.004843
-36;-16;992;-269;-62;-321;-0.052956;-0.023536;1.459230;-40.350002;-9.300000;-48.150002;9.735865;423.374539
-20;-48;1004;-293;-34;-319;-0.029420;-0.070608;1.476882;-43.950002;-5.100000;-47.850002;9.859075;434.472093
-8;-4;996;-307;-20;-317;-0.011768;-0.005884;1.465114;-46.050002;-3.000000;-47.550002;9.767817;441.744270
-12;-4;976;-323;22;-314;-0.017652;-0.005884;1.435694;-48.450002;3.300000;-47.100002;9.572095;451.008869
-16;-4;1020;-334;47;-313;-0.023536;-0.005884;1.500418;-50.100002;7.050000;-46.950002;10.004091;460.145629
-12;-4;1004;-348;92;-313;-0.017652;-0.005884;1.476882;-52.200002;13.800001;-46.950002;9.846659;477.008386
-28;-4;1008;-346;127;-313;-0.041188;-0.005884;1.482766;-51.900002;19.050001;-46.950002;9.888994;483.543173
-32;-60;1008;-345;168;-310;-0.047072;-0.088260;1.482766;-51.750002;25.200001;-46.500002;9.907571;493.304166
-12;-8;996;-337;198;-311;-0.017652;-0.011768;1.465114;-50.550002;29.700001;-46.650002;9.768448;499.493744
-8;-4;988;-330;225;-310;-0.011768;-0.005884;1.453346;-49.500002;33.750001;-46.500002;9.689368;505.593710
-60;-16;1012;-324;239;-312;-0.088260;-0.023536;1.488650;-48.600002;35.850001;-46.800002;9.942996;509.353512
-8;-8;1008;-315;252;-312;-0.011768;-0.011768;1.482766;-47.250002;37.800002;-46.800002;9.885726;509.973529
-16;-40;996;-292;285;-311;-0.023536;-0.058840;1.465114;-43.800002;42.750002;-46.650002;9.776556;513.039959
0;-12;984;-265;310;-316;0.000000;-0.017652;1.447462;-39.750002;46.500002;-47.400002;9.650462;515.927320
24;8;952;-232;337;-317;0.035304;0.011768;1.400390;-34.800001;50.550002;-47.550002;9.339227;517.573183
-4;0;1000;-206;353;-317;-0.005884;0.000000;1.470998;-30.900001;52.950002;-47.550002;9.806729;517.236890
24;8;992;-160;369;-319;0.035304;0.011768;1.459230;-24.000001;55.350002;-47.850002;9.731360;513.343939
-16;4;1000;-139;375;-321;-0.023536;0.005884;1.470998;-20.850001;56.250002;-48.150002;9.807984;512.822581
-8;4;1000;-87;376;-321;-0.011768;0.005884;1.470998;-13.050001;56.400002;-48.150002;9.807042;501.982071
-12;-12;996;-34;371;-327;-0.017652;-0.017652;1.465114;-5.100000;55.650002;-49.050002;9.768841;495.707575
-32;-20;976;15;360;-330;-0.047072;-0.029420;1.435694;2.250000;54.000002;-49.500002;9.578442;488.594924
-64;-32;1060;36;347;-331;-0.094144;-0.047072;1.559258;5.400000;52.050002;-49.650002;10.418707;480.901237
16;12;980;57;327;-338;0.023536;0.017652;1.441578;8.550000;49.050002;-50.700002;9.612519;473.731992
-16;20;992;72;318;-336;-0.023536;0.029420;1.459230;10.800000;47.700002;-50.400002;9.731439;468.192268
-4;-12;976;109;282;-337;-0.005884;-0.017652;1.435694;16.350001;42.300002;-50.550002;9.572095;452.740544
-8;-24;972;123;256;-342;-0.011768;-0.035304;1.429810;18.450001;38.400002;-51.300002;9.535292;444.554834
12;-36;992;140;229;-341;0.017652;-0.052956;1.459230;21.000001;34.350001;-51.150002;9.735312;433.960828
-4;-4;992;154;197;-343;-0.005884;-0.005884;1.459230;23.100001;29.550001;-51.450002;9.728355;424.469080
-16;20;1000;169;143;-346;-0.023536;0.029420;1.470998;25.350001;21.450001;-51.900002;9.809866;410.762705
-8;-24;1000;167;108;-345;-0.011768;-0.035304;1.470998;25.050001;16.200001;-51.750002;9.809788;398.218533
-24;-16;1024;165;68;-342;-0.035304;-0.023536;1.506302;24.750001;10.200000;-51.300002;10.045993;385.762881
-16;-12;992;157;45;-342;-0.023536;-0.017652;1.459230;23.550001;6.750000;-51.300002;9.730174;378.996042
-24;0;1016;147;13;-344;-0.035304;0.000000;1.494534;22.050001;1.950000;-51.600002;9.966337;374.318047
-16;0;1000;141;9;-345;-0.023536;0.000000;1.470998;21.150001;1.350000;-51.750002;9.807905;372.809603
12;16;1004;138;3;-345;0.017652;0.023536;1.476882;20.700001;0.450000;-51.750002;9.847831;371.588482
0;-12;980;112;-36;-342;0.000000;-0.017652;1.441578;16.800001;-5.400000;-51.300002;9.611238;361.668356
0;-32;992;64;-85;-336;0.000000;-0.047072;1.459230;9.600000;-12.750001;-50.400002;9.733257;352.444322
-8;-20;984;12;-111;-335;-0.011768;-0.029420;1.447462;1.800000;-16.650001;-50.250002;9.652056;353.114712
-8;0;996;-34;-124;-334;-0.011768;0.000000;1.465114;-5.100000;-18.600001;-50.100002;9.767739;357.893839
-36;-16;988;-91;-127;-329;-0.052956;-0.023536;1.453346;-13.650001;-19.050001;-49.350002;9.696670;364.212850
-16;-4;996;-100;-133;-329;-0.023536;-0.005884;1.465114;-15.000001;-19.950001;-49.350002;9.768763;368.686859
-8;-24;988;-48;-132;-331;-0.011768;-0.035304;1.453346;-7.200000;-19.800001;-49.650002;9.692146;359.567796
-32;-8;1020;-14;-122;-333;-0.047072;-0.011768;1.500418;-2.100000;-18.300001;-49.950002;10.008013;354.921118
-16;0;992;40;-101;-336;-0.023536;0.000000;1.459230;6.000000;-15.150001;-50.400002;9.729462;353.124624
16;-8;996;84;-75;-340;0.023536;-0.011768;1.465114;12.600001;-11.250000;-51.000002;9.768999;358.163371
20;-4;992;108;-52;-339;0.029420;-0.005884;1.459230;16.200001;-7.800000;-50.850002;9.730253;359.567796
16;-8;984;116;-31;-340;0.023536;-0.011768;1.447462;17.400001;-4.650000;-51.000002;9.651338;360.578702
28;8;912;136;7;-346;0.041188;0.011768;1.341550;20.400001;1.050000;-51.900002;8.948224;371.834641
-40;-20;960;151;52;-349;-0.058840;-0.029420;1.412158;22.650001;7.800000;-52.350002;9.424595;383.804638
136;184;884;154;81;-349;0.200056;0.270664;1.300362;23.100001;12.150000;-52.350002;8.954756;389.971794
64;0;928;157;106;-350;0.094144;0.000000;1.365086;23.550001;15.900001;-52.500002;9.122188;397.976130
-16;-24;992;169;136;-346;-0.023536;-0.035304;1.459230;25.350001;20.400001;-51.900002;9.732309;408.378501
-8;-36;984;160;188;-344;-0.011768;-0.052956;1.447462;24.000001;28.200001;-51.600002;9.656519;423.414690
-16;-12;972;144;230;-342;-0.023536;-0.017652;1.429810;21.600001;34.500001;-51.300002;9.534082;436.577599
-44;16;1024;118;273;-336;-0.064724;0.023536;1.506302;17.700001;40.950002;-50.400002;10.052501;448.719289
-24;-20;1004;87;309;-332;-0.035304;-0.029420;1.476882;13.050001;46.350002;-49.800002;9.850643;461.815981
-36;4;976;45;339;-330;-0.052956;0.005884;1.435694;6.750000;50.850002;-49.500002;9.577880;475.232575
-40;-8;980;-19;358;-331;-0.058840;-0.011768;1.441578;-2.850000;53.700002;-49.650002;9.618840;487.940570
-56;-12;992;-40;367;-324;-0.082376;-0.017652;1.459230;-6.000000;55.050002;-48.600002;9.744396;491.187337
-24;0;1004;-64;369;-325;-0.035304;0.000000;1.476882;-9.600000;55.350002;-48.750002;9.848690;495.864901
-24;72;984;-106;375;-320;-0.035304;0.105912;1.447462;-15.900001;56.250002;-48.000002;9.678404;504.242997
36;64;956;-152;368;-319;0.052956;0.094144;1.406274;-22.800001;55.200002;-47.850002;9.402773;510.185260
-20;-8;1024;-184;362;-316;-0.029420;-0.011768;1.506302;-27.600001;54.300002;-47.400002;10.044232;514.544459
-48;16;996;-204;352;-314;-0.070608;0.023536;1.465114;-30.600001;52.800002;-47.100002;9.780018;513.922173
40;-16;932;-234;342;-312;0.058840;-0.023536;1.370970;-35.100001;51.300002;-46.800002;9.149558;518.713794
-68;0;1112;-266;318;-311;-0.100028;0.000000;1.635749;-39.900002;47.700002;-46.650002;10.925366;518.267306
-76;44;1008;-288;295;-307;-0.111796;0.064724;1.482766;-43.200002;44.250002;-46.050002;9.922547;514.021400
-4;0;988;-300;272;-308;-0.005884;0.000000;1.453346;-45.000002;40.800002;-46.200002;9.689050;508.771068
-36;-12;1004;-315;249;-311;-0.052956;-0.017652;1.476882;-47.250002;37.350001;-46.650002;9.852908;507.884829
-36;-12;1024;-325;214;-312;-0.052956;-0.017652;1.506302;-48.750002;32.100001;-46.800002;10.048903;498.763471
-64;-40;988;-330;195;-314;-0.094144;-0.058840;1.453346;-49.500002;29.250001;-47.100002;9.717198;495.500757
-28;-40;996;-332;178;-313;-0.041188;-0.058840;1.465114;-49.800002;26.700001;-46.950002;9.779153;489.772396
-12;4;992;-348;139;-312;-0.017652;0.005884;1.459230;-52.200002;20.850001;-46.800002;9.728988;487.615627
0;36;900;-346;83;-311;0.000000;0.052956;1.323898;-51.900002;12.450000;-46.650002;8.833044;472.573804
-16;-12;948;-332;28;-312;-0.023536;-0.017652;1.394506;-49.800002;4.200000;-46.800002;9.298774;456.455912
-100;48;1024;-312;-13;-313;-0.147100;0.070608;1.506302;-46.800002;-1.950000;-46.950002;10.100755;442.133464
-68;28;1160;-284;-62;-311;-0.100028;0.041188;1.706357;-42.600002;-9.300000;-46.650002;11.398552;425.700599
-32;20;1016;-214;-111;-321;-0.047072;0.029420;1.494534;-32.100001;-16.650001;-48.150002;9.970427;401.444890
-36;-40;1008;-172;-123;-322;-0.052956;-0.058840;1.482766;-25.800001;-18.450001;-48.300002;9.899181;385.223312
-112;-36;1060;-168;-125;-321;-0.164752;-0.052956;1.559258;-25.200001;-18.750001;-48.150002;10.458875;383.262312
-36;-12;1028;-111;-139;-325;-0.052956;-0.017652;1.512185;-16.650001;-20.850001;-48.750002;10.088102;370.495614
-76;-16;1148;-52;-135;-329;-0.111796;-0.023536;1.688705;-7.800000;-20.250001;-49.350002;11.283769;359.402282
-20;-12;1012;-3;-129;-332;-0.029420;-0.017652;1.488650;-0.450000;-19.350001;-49.800002;9.926966;356.193767
20;-16;984;54;-102;-338;0.029420;-0.023536;1.447462;8.100000;-15.300001;-50.700002;9.653012;357.161028
-28;-28;984;102;-71;-340;-0.041188;-0.041188;1.447462;15.300001;-10.650000;-51.000002;9.657554;362.001381
0;0;992;124;-39;-342;0.000000;0.000000;1.459230;18.600001;-5.850000;-51.300002;9.728197;365.870196
0;12;976;137;-6;-350;0.000000;0.017652;1.435694;20.550001;-0.900000;-52.500002;9.572014;375.905573
24;28;964;159;12;-346;0.035304;0.041188;1.418042;23.850001;1.800000;-51.900002;9.460526;380.973752
-72;-8;1092;173;49;-346;-0.105912;-0.011768;1.606329;25.950001;7.350000;-51.900002;10.732401;389.930763
-168;36;1160;178;122;-345;-0.247128;0.052956;1.706357;26.700001;18.300001;-51.750002;11.499819;406.931198
20;-28;980;171;173;-344;0.029420;-0.041188;1.441578;25.650001;25.950001;-51.600002;9.616440;421.314609
-28;8;1016;146;241;-341;-0.041188;0.011768;1.494534;21.900001;36.150001;-51.150002;9.967649;442.355061
-12;4;988;113;284;-337;-0.017652;0.005884;1.453346;16.950001;42.600002;-50.550002;9.689765;454.965933
8;-72;984;80;316;-335;0.011768;-0.105912;1.447462;12.000000;47.400002;-50.250002;9.675860;467.419512
-28;-24;1000;22;347;-333;-0.041188;-0.035304;1.470998;3.300000;52.050002;-49.950002;9.813316;481.437431
4;28;1388;-39;363;-332;0.005884;0.041188;2.041745;-5.850000;54.450002;-49.800002;13.614456;493.471377
-56;-12;1028;-100;373;-324;-0.082376;-0.017652;1.512185;-15.000001;55.950002;-48.600002;10.096869;504.088286
-64;-28;992;-133;368;-323;-0.094144;-0.041188;1.459230;-19.950001;55.200002;-48.450002;9.752288;507.387426
-36;8;1000;-176;361;-321;-0.052956;0.011768;1.470998;-26.400001;54.150002;-48.150002;9.813316;514.138114
-4;32;996;-229;341;-311;-0.005884;0.047072;1.465114;-34.350001;51.150002;-46.650002;9.772542;515.211607
48;-20;968;-281;303;-309;0.070608;-0.029420;1.423926;-42.150002;45.450002;-46.350002;9.506525;515.995155
-28;-24;988;-313;257;-308;-0.041188;-0.035304;1.453346;-46.950002;38.550002;-46.200002;9.695718;508.804481
-28;12;996;-334;189;-312;-0.041188;0.017652;1.465114;-50.100002;28.350001;-46.800002;9.771991;494.591751
0;16;1000;-336;177;-313;0.000000;0.023536;1.470998;-50.400002;26.550001;-46.950002;9.807905;492.132096
-8;16;1000;-288;282;-314;-0.011768;0.023536;1.470998;-43.200002;42.300002;-47.100002;9.808219;510.944224
-44;12;1088;-238;326;-314;-0.064724;0.017652;1.600445;-35.700001;48.900002;-47.100002;10.679006;511.386351
-4;-8;964;-170;356;-322;-0.005884;-0.011768;1.418042;-25.500001;53.400002;-48.300002;9.454018;509.234720
-24;8;956;-42;371;-326;-0.035304;0.011768;1.406274;-6.300000;55.650002;-48.900002;9.378440;495.662183
-48;-4;1012;58;337;-332;-0.070608;-0.005884;1.488650;8.700000;50.550002;-49.800002;9.935565;476.609903
-8;-44;992;106;298;-333;-0.011768;-0.064724;1.459230;15.900001;44.700002;-49.950002;9.738078;459.270073
-32;-76;952;148;245;-339;-0.047072;-0.111796;1.400390;22.200001;36.750001;-50.850002;9.370889;443.677811
-40;-48;928;177;179;-340;-0.058840;-0.070608;1.365086;26.550001;26.850001;-51.000002;9.121176;423.048461
4;-36;988;185;116;-343;0.005884;-0.052956;1.453346;27.750001;17.400001;-51.450002;9.695480;406.607919
12;-16;988;174;54;-344;0.017652;-0.023536;1.453346;26.100001;8.100000;-51.600002;9.690956;389.265976
-24;0;1020;146;-23;-341;-0.035304;0.000000;1.500418;21.900001;-3.450000;-51.150002;10.005552;371.653064
-36;-4;972;113;-71;-337;-0.052956;-0.005884;1.429810;16.950001;-10.650000;-50.550002;9.538681;362.462412
-32;-8;972;70;-99;-338;-0.047072;-0.011768;1.429810;10.500000;-14.850001;-50.700002;9.537551;359.089125
-36;-16;1004;113;-57;-340;-0.052956;-0.023536;1.476882;16.950001;-8.550000;-51.000002;9.853454;362.791951
-36;-32;1000;158;-1;-342;-0.052956;-0.047072;1.470998;23.700001;-0.150000;-51.300002;9.818019;376.734655
-32;-48;1048;182;100;-344;-0.047072;-0.070608;1.541606;27.300001;15.000001;-51.600002;10.292930;401.820856
20;8;1012;167;205;-337;0.029420;0.011768;1.488650;25.050001;30.750001;-50.550002;9.926579;428.349157
-88;-168;1028;156;234;-337;-0.129448;-0.247128;1.512185;23.400001;35.100001;-50.550002;10.251360;438.931658
-16;16;968;104;301;-334;-0.023536;0.023536;1.423926;15.600001;45.150002;-50.100002;9.495431;461.489978
-12;-48;988;30;347;-331;-0.017652;-0.070608;1.453346;4.500000;52.050002;-49.650002;9.701112;480.489334
-76;32;1016;-68;372;-326;-0.111796;0.047072;1.494534;-10.200000;55.800002;-48.900002;9.996321;499.283487
-52;0;992;-127;369;-324;-0.076492;0.000000;1.459230;-19.050001;55.350002;-48.600002;9.741553;507.213959
-44;4;1024;-187;348;-320;-0.064724;0.005884;1.506302;-28.050001;52.200002;-48.000002;10.051353;508.402400
-64;-32;1040;-250;320;-318;-0.094144;-0.047072;1.529838;-37.500001;48.000002;-47.700002;10.223028;515.775145
32;12;920;-280;288;-315;0.047072;0.017652;1.353318;-42.000002;43.200002;-47.250002;9.028342;510.459597
-40;-20;992;-280;285;-316;-0.058840;-0.029420;1.459230;-42.000002;42.750002;-47.400002;9.738078;509.392776
-52;-100;992;-280;289;-316;-0.076492;-0.147100;1.459230;-42.000002;43.350002;-47.400002;9.790790;511.641476
-16;-12;988;-291;277;-311;-0.023536;-0.017652;1.453346;-43.650002;41.550002;-46.650002;9.690956;508.065941
-24;-12;996;-296;263;-313;-0.035304;-0.017652;1.465114;-44.400002;39.450002;-46.950002;9.770968;504.731612
-4;0;944;-308;251;-313;-0.005884;0.000000;1.388622;-46.200002;37.650001;-46.950002;9.257562;505.800356
-12;-16;996;-323;230;-313;-0.017652;-0.023536;1.465114;-48.450002;34.500001;-46.950002;9.769393;505.171258
-4;-8;1004;-332;204;-312;-0.005884;-0.011768;1.476882;-49.800002;30.600001;-46.800002;9.846268;499.183333
-40;-4;996;-337;182;-311;-0.058840;-0.005884;1.465114;-50.550002;27.300001;-46.650002;9.775376;493.370044
-24;-12;988;-332;179;-312;-0.035304;-0.017652;1.453346;-49.800002;26.850001;-46.800002;9.692543;489.498723
-40;-28;972;-324;210;-316;-0.058840;-0.041188;1.429810;-48.600002;31.500001;-47.400002;9.544083;498.930857
-20;-4;992;-307;245;-317;-0.029420;-0.005884;1.459230;-46.050002;36.750001;-47.550002;9.730253;504.740527
-20;-12;992;-289;270;-316;-0.029420;-0.017652;1.459230;-43.350002;40.500002;-47.400002;9.730886;506.238086
-24;-4;1004;-274;289;-317;-0.035304;-0.005884;1.476882;-41.100002;43.350002;-47.550002;9.848768;509.004912
-28;-16;988;-231;326;-318;-0.041188;-0.023536;1.453346;-34.650001;48.900002;-47.700002;9.694131;510.647628
-44;-8;992;-217;339;-319;-0.064724;-0.011768;1.459230;-32.550001;50.850002;-47.850002;9.738078;513.586409
-36;-4;992;-237;322;-318;-0.052956;-0.005884;1.459230;-35.550001;48.300002;-47.700002;9.734680;510.859080
-28;-12;992;-256;305;-318;-0.041188;-0.017652;1.459230;-38.400002;45.750002;-47.700002;9.732783;509.592975
-32;-12;988;-275;289;-316;-0.047072;-0.017652;1.453346;-41.250002;43.350002;-47.400002;9.694765;508.922391
-36;-8;996;-287;280;-314;-0.052956;-0.011768;1.465114;-43.050002;42.000002;-47.100002;9.774117;509.278902
-24;4;988;-295;260;-315;-0.035304;0.005884;1.453346;-44.250002;39.000002;-47.250002;9.691908;503.835291
-20;-4;992;-316;228;-313;-0.029420;-0.005884;1.459230;-47.400002;34.200001;-46.950002;9.730253;499.808964
-20;-8;996;-329;206;-313;-0.029420;-0.011768;1.465114;-49.350002;30.900001;-46.950002;9.769708;498.644162
-24;-8;996;-329;192;-314;-0.035304;-0.011768;1.465114;-49.350002;28.800001;-47.100002;9.770574;493.660815
-32;-4;992;-321;205;-316;-0.047072;-0.005884;1.459230;-48.150002;30.750001;-47.400002;9.733336;494.895949
-32;0;996;-316;224;-315;-0.047072;0.000000;1.465114;-47.400002;33.600001;-47.250002;9.772463;499.256447
-24;-12;1004;-295;261;-317;-0.035304;-0.017652;1.476882;-44.250002;39.150002;-47.550002;9.849393;505.603600
-24;4;996;-264;298;-319;-0.035304;0.005884;1.465114;-39.600002;44.700002;-47.850002;9.770338;510.157819
-16;-12;984;-238;322;-317;-0.023536;-0.017652;1.447462;-35.700001;48.300002;-47.550002;9.651737;510.702457
-32;-4;996;-212;339;-318;-0.047072;-0.005884;1.465114;-31.800001;50.850002;-47.700002;9.772542;510.870825
-28;-16;1008;-237;327;-318;-0.041188;-0.023536;1.482766;-35.550001;49.050002;-47.700002;9.890161;514.025291
-12;-8;988;-273;298;-314;-0.017652;-0.011768;1.453346;-40.950002;44.700002;-47.100002;9.690003;511.789996
-12;-8;976;-298;267;-315;-0.017652;-0.011768;1.435694;-44.700002;40.050002;-47.250002;9.572336;509.232756
-12;-4;992;-325;218;-312;-0.017652;-0.005884;1.459230;-48.750002;32.700001;-46.800002;9.728988;500.492757
-28;-12;984;-333;186;-312;-0.041188;-0.017652;1.447462;-49.950002;27.900001;-46.800002;9.654367;492.776826
-32;8;996;-331;194;-314;-0.047072;0.011768;1.465114;-49.650002;29.100001;-47.100002;9.772778;495.775151
-16;4;996;-321;210;-315;-0.023536;0.005884;1.465114;-48.150002;31.500001;-47.250002;9.768763;496.352697
-20;-12;972;-301;253;-317;-0.029420;-0.017652;1.429810;-45.150002;37.950002;-47.550002;9.534808;505.073262
-32;-12;996;-265;301;-316;-0.047072;-0.017652;1.465114;-39.750002;45.150002;-47.400002;9.773172;510.570269
-24;-8;996;-237;324;-318;-0.035304;-0.011768;1.465114;-35.550001;48.600002;-47.700002;9.770574;512.122056
-20;-8;988;-219;332;-317;-0.029420;-0.011768;1.453346;-32.850001;49.800002;-47.550002;9.691273;508.600039
-24;4;988;-238;323;-317;-0.035304;0.005884;1.453346;-35.700001;48.450002;-47.550002;9.691908;511.333551
-12;-12;1004;-260;313;-315;-0.017652;-0.017652;1.476882;-39.000002;46.950002;-47.250002;9.847284;514.581383
-12;-4;988;-272;299;-316;-0.017652;-0.005884;1.453346;-40.800002;44.850002;-47.400002;9.689765;513.070171
-8;-8;996;-298;260;-314;-0.011768;-0.011768;1.465114;-44.700002;39.000002;-47.100002;9.768054;504.975247
-8;-4;980;-317;231;-312;-0.011768;-0.005884;1.441578;-47.550002;34.650001;-46.800002;9.610918;501.192578
-28;0;1000;-336;190;-312;-0.041188;0.000000;1.470998;-50.400002;28.500001;-46.800002;9.810494;496.326505
-16;-8;1000;-335;178;-310;-0.023536;-0.011768;1.470998;-50.250002;26.700001;-46.500002;9.808219;489.907134
-16;0;1000;-331;193;-311;-0.023536;0.000000;1.470998;-49.650002;28.950001;-46.650002;9.807905;493.488602
-12;0;996;-318;220;-314;-0.017652;0.000000;1.465114;-47.700002;33.000001;-47.100002;9.768133;498.116452
-20;0;1000;-303;254;-317;-0.029420;0.000000;1.470998;-45.450002;38.100002;-47.550002;9.808611;506.768192
-12;-4;984;-289;277;-316;-0.017652;-0.005884;1.447462;-43.350002;41.550002;-47.400002;9.650541;510.005882
-4;-12;996;-260;301;-316;-0.005884;-0.017652;1.465114;-39.000002;45.150002;-47.400002;9.768211;507.993110
-8;-12;984;-221;337;-319;-0.011768;-0.017652;1.447462;-33.150001;50.550002;-47.850002;9.650780;513.975680
-20;12;984;-166;360;-321;-0.029420;0.017652;1.447462;-24.900001;54.000002;-48.150002;9.652454;510.095089
-8;-24;1004;-125;370;-322;-0.011768;-0.035304;1.476882;-18.750001;55.500002;-48.300002;9.849003;506.170920
-12;-4;992;-78;369;-325;-0.017652;-0.005884;1.459230;-11.700000;55.350002;-48.750002;9.728988;497.865444
-4;-24;960;-71;376;-326;-0.005884;-0.035304;1.412158;-10.650000;56.400002;-48.900002;9.417408;502.685787
4;-16;976;-52;376;-326;0.005884;-0.023536;1.435694;-7.800000;56.400002;-48.900002;9.572657;500.355873
-12;-12;972;-45;373;-325;-0.017652;-0.017652;1.429810;-6.750000;55.950002;-48.750002;9.533517;496.768558
-52;-4;980;-4;362;-328;-0.076492;-0.005884;1.441578;-0.600000;54.300002;-49.200002;9.624117;488.512026
-48;4;1044;26;358;-327;-0.070608;0.005884;1.535722;3.900000;53.700002;-49.050002;10.249033;485.560501
-40;-4;996;23;353;-330;-0.058840;-0.005884;1.465114;3.450000;52.950002;-49.500002;9.775376;483.774741
-68;0;1016;23;350;-328;-0.100028;0.000000;1.494534;3.450000;52.500002;-49.200002;9.985848;480.221824
-16;0;996;72;328;-330;-0.023536;0.000000;1.465114;10.800000;49.200002;-49.500002;9.768684;470.816312
-32;-8;1000;126;286;-334;-0.047072;-0.011768;1.470998;18.900001;42.900002;-50.100002;9.811984;457.414473
-56;-24;1004;171;208;-336;-0.082376;-0.035304;1.476882;25.650001;31.200001;-50.400002;9.863990;430.582164
-24;-16;988;183;146;-336;-0.035304;-0.023536;1.453346;27.450001;21.900001;-50.400002;9.693099;409.513126
112;-40;816;184;75;-336;0.164752;-0.058840;1.200334;27.600001;11.250000;-50.400002;8.086771;390.354967
-28;-20;956;167;15;-340;-0.041188;-0.029420;1.406274;25.050001;2.250000;-51.000002;9.381229;379.096294
-48;12;992;137;-39;-339;-0.070608;0.017652;1.459230;20.550001;-5.850000;-50.850002;9.740290;367.710484
-76;-40;1028;124;-47;-340;-0.111796;-0.058840;1.512185;18.600001;-7.050000;-51.000002;10.116357;364.945201
-32;-12;988;148;-18;-340;-0.047072;-0.017652;1.453346;22.200001;-2.700000;-51.000002;9.694765;371.251936
-32;-8;1004;148;-13;-344;-0.047072;-0.011768;1.476882;22.200001;-1.950000;-51.600002;9.851190;374.711889
-28;-12;988;146;-11;-345;-0.041188;-0.017652;1.453346;21.900001;-1.650000;-51.750002;9.693575;374.782604
-28;-20;984;149;-12;-345;-0.041188;-0.029420;1.447462;22.350001;-1.800000;-51.750002;9.655642;375.992021
